x1_step1.xoffset = [-1500;-1500;-1500;-1500;-1500;-1500;-1500;-1500;-1500;-1500;-1500;-1500;-1500;-1500;-1500;-1500;-1500;-1500;-1500;-1500;-1500;-1500;-1500;-1500;-1500;-1500;-1500;-1500;-1500;-1500;-1500];
x1_step1.gain = [0.002;0.002;0.002;0.002;0.002;0.002;0.002;0.002;0.002;0.002;0.002;0.002;0.002;0.002;0.002;0.002;0.002;0.002;0.002;0.002;0.002;0.002;0.002;0.002;0.002;0.002;0.002;0.002;0.002;0.002;0.002];
x1_step1.ymin = -1;

% Layer 1
b1 = [-0.0077678990893394481501;-0.48521554253968429693;3.1895363551766537924;0.084929806283691441915;0.12031579608707199114;0.048374732065154718574;1.5865248620909255806;-0.075847593649760222667;-0.35016736447871787963;0.082737031791634149669;0.031130869401107069683;-0.05106103864221157862;0.027091263539267471799;-0.29421501698813096182;0.66279555496939568382;-0.20042137862453507369;-0.31837886347391702868;0.91659136472056290668;0.15208136823303886054;0.32166791971137442818;0.90327106823880687347;-0.11730056995249425744;2.5974901590491286107;0.61376465715675143642;1.0940235088498091454];
IW1_1 = [0.011924229407379994053 0.009717718565842832848 0.029017526444894307242 -0.0069062911830412966954 0.015257593326404391212 0.0099315950128804116742 0.024004132430578938029 0.012784168941392519761 0.0091175559251552053264 0.034623468738316974525 0.049538328502125902886 0.01027024053286037554 0.00037283685860296106058 0.016967164018797241398 0.026474052588040690448 0.009115538264577482605 0.0192633523881955461 -0.013485373286384307046 0.00078691651748907624764 -0.0056752850629446212685 -0.012890701083906049712 -0.0049187190273224847686 0.0050102956098346746253 -0.013425011996867380892 -0.0046510989979975537328 0.010051009195039735736 0.019696505029336803388 0.010130103595302504885 0.030800001361928175392 0.020300826644678821725 0.032361597027424797435;-0.016060371993162531751 0.11161101469858164537 -0.01526452048946683876 0.029877629626368307214 0.022226557246293757175 0.032648421423497782368 0.026577022349572137355 -0.020686851276824735901 0.020434476064738207879 0.02672361791901186126 0.0010509235408343478406 0.0026872067064709140305 0.028895922690978653735 0.0077883154239077288794 -0.16143029579399051365 -0.089307676234085642264 0.011357689354012524829 0.047436230369225985959 -0.00047727105196312280154 0.10379268633895598339 0.074222835060203287694 0.05200041126630551569 0.041015171300473496352 0.039482074210727594044 0.08041045269476945756 0.000727848006761080751 -0.013791608287179402126 -2.7844946817069442192e-05 0.013397602826562902967 0.032172061419371858482 -0.078722798394183668425;-0.016305126131291640401 3.9543152970181272288 -0.0065665377023469712753 0.029572857435245850782 0.16322423524694584795 -0.035492360401232665723 0.060434079441549465317 0.29575323583530022109 0.049980533479042056622 0.11391202216354012755 -0.12258637118875249927 0.054503724814589156467 -0.16505764376207338051 0.16104119612136730266 0.23268455174771854321 0.097199214480661280668 0.030338741682368084579 0.012213232506474953204 -0.028733865254967561748 3.7548793112285987483 3.2656749553707955513 0.012889935566333549435 0.61194907971687817483 0.022274928229422598369 0.15524651303760025889 0.03482632119176853891 0.04754282181777853139 -0.041217810399025223145 0.063332483069374334583 -0.021076561398039532491 0.023677743918785302407;-0.82543969045146670105 -0.24009686527390181054 -0.1657074622177476253 -0.39035764550444557175 -0.44381019663202597725 -0.24224325366478674515 -0.68292815925860106407 -0.65659065154714180146 -0.10645723575692910001 -0.077547847470295902528 -1.0455879417175839574 -0.21913716137384225968 -0.13087340469917824182 -0.16734124759645052638 -0.56014503774234469802 -0.026945517419581191398 -1.2754293715112134944 0.49019298000164035489 0.47639486029591937566 -0.42210686551936504873 -0.293843724828011299 0.084473554862666250242 -0.29156711013389013942 -0.60179876929965625543 -0.50821001324468473292 -0.39151136586560136843 0.59847176242914512656 0.64074770547963011413 0.25299443833762885747 0.042634090127383526825 -0.75254220129938209638;0.11620366937578924249 0.023849172106206358024 0.025284001394130249663 0.13956766148991051057 -0.26945370050788902683 0.010532575614092142338 -0.076147770723419022643 -0.04355472728541722599 0.048780886210969216787 0.07529863653149726499 0.14687069795995680299 0.080760644650840276992 0.040815273270290212959 0.010921051044814528153 -0.019625442736295253821 -0.37123884088733438702 -0.11849315408323110588 0.19114739107361514159 0.0020091654238660683687 -0.02780115269806243336 -0.15802517865484447257 -0.079097472378013469752 0.026567254251316677754 0.10364644140666770533 -0.082246919027369136401 0.14744210145374633814 -0.14190126494945148883 -0.11829835563579013669 0.0054998858061652286869 -0.046446667763594337575 0.032995558222959540939;0.0039243621409088165486 -0.069608817017338869837 -0.088738608180361708277 0.16594565138950137517 0.099987067753436201234 -0.07256860004770386563 -0.057399611024420107985 0.049891995888432974504 -0.0012489945336788502595 -0.19680622979568238029 -0.058635229985422275545 0.054776256051298793937 -0.13905647597486833766 0.048250784107066929662 -0.087067398002053153494 0.04558368610179007463 0.083795891321517365635 0.13226456327959032477 0.074150413977475612692 0.028268084375364439798 -0.0007625592076874085053 -0.0071067585134236728461 -0.12034471422646568495 -0.11665905335230897233 -0.061677397389813821971 -0.085389055014619560935 0.080474884991880935026 -0.0825441190814987652 0.013633920481541161873 0.11317868413057959043 -0.20653102378504292758;0.53571797269088217153 0.73202161875826121662 -0.086210342409999279889 0.097857082033040304614 -0.041476999504208668379 -0.34138628162679074407 -0.23849861291520230155 0.50691489678194290303 0.067594792890826274623 -0.38803407761732378045 0.17108606178828697497 0.13668435842068163422 0.35584375017397140706 0.093518383433110724434 -0.56768434209976970095 -0.23173546056419297434 0.35244519029313986502 0.13491263887287352485 -0.20878482744495968637 0.22040669592102213326 0.36457529903453317344 -0.041461556518782437253 0.22776457202093988719 0.013622446637361543612 0.13277326495199368028 0.27263147613472810127 0.0057069272446267065718 -0.068349719960032223609 0.0091663804205586989909 0.10762158037442161318 0.10958653880980806505;0.057899910788677781681 -0.0059347865522716833006 0.094441635974699025824 0.010796464091109403416 -0.088519156177133073715 0.085738686342850353728 0.011555431353935198546 0.18498938530103004041 0.11670337565484635578 -0.017856114633556584986 0.11255929820612407821 0.015410618573926226915 0.020465304802730597405 -0.09988710314738649676 -0.13341469055551383183 -0.15348741626424014517 -0.064315314055260391912 -0.0070795359961142948629 -0.12149451738523005251 -0.065957403149610224768 0.011045054587229333198 -0.052773140914337497709 0.017949247992469996582 -0.11722081981138333939 0.0025423533067285542485 0.05622166649179034803 -0.019889959074654808835 0.061667409975419494594 -0.014358406455829014065 0.11992790741383853315 -0.010181899817280603768;0.076773562081818902403 0.14152206031375638706 -0.03618329829473607151 0.028562969442746739129 0.026908522236233294034 -0.12433102962311354256 0.0097023496689613315108 0.0098909329640091223773 0.012858240076528169166 0.21530073464709117981 -0.37644271775766646737 -0.1658642183997227626 0.025514381543293412902 -0.045295048195047225847 0.042059528659343509149 -0.17276757669644013382 -0.024634663458230340177 0.00475687092138196016 -0.16367433636092487692 -0.039535447521510391766 0.051179404250359016026 0.11804815021441200651 -0.055274866321808301117 0.051375986807474405271 -0.020496761867551758357 0.0046243726313323725227 0.011278161578093521059 -0.13563393627989075996 0.00078793711768518728041 -0.0078465414440953562547 -0.21844172813189841054;-0.036040779893509213017 0.098563865438256806351 0.04635120062163620297 -0.018947028127142502563 -0.16945291824171143658 -0.067914115399453550692 -0.049911681835473363511 -0.052415840476815689364 0.047908775863718944255 